type: Polygon
Parts: 1
mu: 0.6319
totalWidthM: 2.8
startTime: 2025-11-04T10:06:06
endTime: 2025-11-04T10:13:39
WKT: POLYGON ((107.79296433347771 22.540816890271735, 107.79296449547728 22.54081634704691, 107.79342284783215 22.540815789588226, 107.79342580653636 22.54081548322431, 107.79342862253206 22.54081458602746, 107.79343116080732 22.54081314101345, 107.79346751080794 22.540786961011495, 107.79346942668464 22.54078528112237, 107.79347095780905 22.54078328953426, 107.79347204668896 22.540781061029268, 107.79347265243818 22.540778679285502, 107.79347275231133 22.54077623373503, 107.79347234255845 22.540773816205775, 107.79347143856526 22.540771517473512, 107.79347007427583 22.540769423853288, 107.7934683009179 22.54076761395839, 107.7934661850792 22.540766155748543, 107.79346380620731 22.540765103978018, 107.7934612536265 22.540764498139726, 107.79345862318351 22.54076436098228, 107.79342002152039 22.540765830764855, 107.79301603011561 22.54076638039538, 107.79301337804102 22.540766626674852, 107.79301082864858 22.54076734883824, 107.7930084799102 22.540768519133213, 107.79300642208636 22.540770092585998, 107.79300473425826 22.540772008729707, 107.793003481288 22.540774193928023, 107.7930027113267 22.54077656420501, 107.79300245396348 22.54077902847225, 107.79300271908872 22.540781492029346, 107.79300349651383 22.540783860203163, 107.79300475636282 22.54078604198611, 107.79300645022043 22.54078795353347, 107.79300851299259 22.540789521385552, 107.7930108654082 22.54079068529065, 107.7930120950997 22.54079102997339, 107.792954132231 22.54079110039212, 107.7929516234852 22.540791320359467, 107.79294920152799 22.54079196660985, 107.79294694955597 22.540793016943944, 107.79294494492656 22.540794435281764, 107.79294325650066 22.540796172902017, 107.79294194227754 22.540798170115742, 107.79294104740197 22.540800358316705, 107.79293334739958 22.540826178316305, 107.79293288308232 22.540828723569415, 107.79293298560286 22.540831303351208, 107.79293365067808 22.540833809876187, 107.79293485052057 22.54083613841954, 107.79293653499973 22.54083819169272, 107.7929386337367 22.54083988390818, 107.79294105904435 22.540841144363686, 107.79294370959131 22.540841920396307, 107.7929464746353 22.54084217958273, 107.7934215546786 22.540841379578264, 107.79342420666065 22.5408411324338, 107.7934267557804 22.54084040943902, 107.79342910407672 22.54083923837821, 107.7934311613058 22.540837664254607, 107.79343284840957 22.540835747560894, 107.79343410055353 22.540833561954557, 107.79343486961851 22.540831191427227, 107.79343512604976 22.54082872707694, 107.79343485999287 22.540826263607308, 107.79343408167227 22.540823895688074, 107.79343282099843 22.540821714317037, 107.79343112641821 22.540819803323057, 107.79342906305354 22.540818236144528, 107.79342671019832 22.54081707300726, 107.79342415827143 22.540816358609934, 107.79342150534193 22.540816120406443, 107.79296433347771 22.540816890271735))
