type: Polygon
Parts: 1
mu: 0.0085
totalWidthM: 2.5
startTime: 2025-09-03T17:41:32
endTime: 2025-09-03T17:42:42
WKT: POLYGON ((124.50451403200435 45.3422081627648, 124.50451650196446 45.34220951382887, 124.50451653355553 45.34220952782607, 124.50451929706307 45.342210500153925, 124.50451933202399 45.342210509564076, 124.50452231141705 45.34221108300583, 124.50452234830973 45.34221108742526, 124.50452542909208 45.34221123994394, 124.5045254664984 45.34221123920278, 124.5045285302772 45.34221096493719, 124.50452856675977 45.34221095906392, 124.5045314957961 45.34221026855389, 124.50453152995264 45.34221025777429, 124.50453421168467 45.3422091775558, 124.5045342422029 45.34220916228399, 124.50453657357365 45.34220773386912, 124.50453659928006 45.3422077146925, 124.50453849069599 45.342205992974414, 124.50453851060398 45.34220597062887, 124.50453988937858 45.342204021772815, 124.50453990272217 45.34220399711827, 124.50454071587058 45.34220189601693, 124.50454072213739 45.342201869999855, 124.50454093841053 45.342199697398065, 124.50454093735956 45.342199671018726, 124.50454054844636 45.342197510407765, 124.50454054011804 45.342197484680305, 124.50453956096399 45.342195419091205, 124.50453954567848 45.34219539500395, 124.50453801391276 45.34219350381711, 124.50453799232146 45.34219348235927, 124.50453594088734 45.342191819168896, 124.50453293961694 45.34218982009455, 124.50453049812945 45.34218848621069, 124.50453046644365 45.3421884721715, 124.50452770293701 45.342187499843924, 124.50452766797613 45.342187490433766, 124.50452468858425 45.34218691699214, 124.50452465169161 45.3421869125727, 124.50452157091053 45.342186760053984, 124.50452153350427 45.342186760795144, 124.5045184697267 45.34218703506053, 124.50451843324417 45.3421870409338, 124.50451550420884 45.34218773144348, 124.50451547005233 45.34218774222308, 124.50451278832094 45.34218882244112, 124.50451275780273 45.34218883771292, 124.50451042643212 45.34219026612732, 124.50451040072569 45.34219028530393, 124.5045085093094 45.34219200702156, 124.5045084894014 45.3421920293671, 124.50450711062601 45.34219397822279, 124.50450709728237 45.34219400287735, 124.50450628413287 45.34219610397845, 124.50450627786601 45.34219612999552, 124.50450606159157 45.34219830259726, 124.50450606264252 45.3421983289766, 124.50450645155445 45.3422004895877, 124.5045064598827 45.34220051531516, 124.50450743903565 45.34220258090456, 124.50450745432116 45.34220260499182, 124.50450898608612 45.34220449617907, 124.50450900767744 45.342204517636915, 124.50451105916719 45.34220618087315, 124.50451403200435 45.3422081627648))
