Parts: 1
== Part 0 ==
type: Polygon
mu: 0.1936
totalWidthM: 2.5
startTime: 2025-09-19T08:19:39
endTime: 2025-09-19T16:37:22
wkt: POLYGON ((122.80758570979057 43.08812812002657, 122.80758713054064 43.08812754404091, 122.80770513055195 43.08807354403264, 122.8077077035189 43.08807206578159, 122.80770979106552 43.088070221735514, 122.80771129851847 43.08806809552467, 122.80771215751247 43.088065783575814, 122.80773515748717 43.08796078357275, 122.80773533977745 43.0879585587407, 122.80773492014026 43.08795635122355, 122.80773391504198 43.087954247643495, 122.80773236392237 43.08795233054428, 122.80773032764698 43.08795067515218, 122.80772788611846 43.0879493464242, 122.80772513514147 43.08794839649913, 122.8077221826635 43.08794786265168, 122.80771914453858 43.08794776582983, 122.80771613998166 43.087948109832816, 122.80771328689042 43.08794888116211, 122.80771069721911 43.08795004955104, 122.80770847258559 43.087951569152445, 122.80759414656097 43.08804684083512, 122.80752361266227 43.08803791249079, 122.80752061120232 43.08803775195604, 122.80751762468358 43.088038023677235, 122.80751476787641 43.08803871721229, 122.80751215056607 43.08803980590905, 122.80750987333438 43.08804124792952, 122.80750802369403 43.08804298785772, 122.80750667272572 43.08804495882916, 122.80750587234641 43.08804708510054, 122.80750565331428 43.08804928496048, 122.80750602404676 43.088051473869584, 122.80750697029666 43.08805356770931, 122.80750845570037 43.088055486014525, 122.80751042317468 43.08805715506586, 122.80751279711059 43.08805851072256, 122.80751548627903 43.08805950088749, 122.80751838733683 43.08806008750913, 122.80759738735061 43.088070087510935, 122.80760050753803 43.08807024550219, 122.80760360665903 43.088069936726534, 122.80760655607844 43.08806917400037, 122.80760923337466 43.088067988982125, 122.80761152742133 43.08806643085836, 122.80769641462788 43.087995691555626, 122.80768294891243 43.088057165370664, 122.80757155902883 43.08810814039461, 122.80749929022082 43.0881338799688, 122.80749672540652 43.08813503383553, 122.8074945170096 43.08813653226689, 122.80749274989738 43.08813831767902, 122.80749149197898 43.088140321459576, 122.80749079159564 43.08814246660442, 122.8074906756627 43.08814467067681, 122.80749114863549 43.08814684897552, 122.80749219233795 43.0881489177897, 122.80749376666118 43.088150797616024, 122.80749581110504 43.088152416213774, 122.80749824710244 43.08815371138111, 122.80750098103952 43.08815463334547, 122.80750390785266 43.088155146676264, 122.8075069150658 43.08815523164645, 122.80750988711341 43.0881548849907, 122.80751270978136 43.08815412003079, 122.80758570979057 43.08812812002657))
trackStr: 122.807506,43.088144,20250919081939#122.807579,43.088118,20250919145446#122.807697,43.088064,20250919145456#122.80772,43.087959,20250919145506#122.8076,43.088059,20250919163712#122.807521,43.088049,20250919163722#
