type: Polygon
Parts: 1
mu: 0.0
totalWidthM: 0.0
startTime: 2025-09-28T14:15:04
endTime: 2025-09-28T14:22:04
WKT: POLYGON ((128.9598197318706 42.45873241178912, 128.95981988936236 42.45873282875102, 128.95982118936632 42.458734743832075, 128.9598229614075 42.4587364386591, 128.95982513965083 42.458737850265685, 128.95982764317 42.458738926207616, 128.95983037895385 42.45873962651141, 128.95983324536223 42.45873992515929, 128.95983613590204 42.45873981105584, 128.95983862463254 42.45873934774307, 128.9598368773333 42.45876375781032, 128.95983404123592 42.45877856937341, 128.95983394436237 42.458779207283214, 128.95983186076668 42.458797728182915, 128.95982854730048 42.458809415147634, 128.9598284001907 42.458810015490926, 128.9598257838176 42.45882271795129, 128.95982371089937 42.45883640472856, 128.95982035322777 42.4588482476271, 128.95982003368078 42.45885041468279, 128.9598202912244 42.45885258626032, 128.95982111596146 42.458854678907166, 128.9598224761978 42.458856612204094, 128.95982431966027 42.45885831185555, 128.9598265755057 42.45885971254487, 128.95982915704317 42.45886076044431, 128.95983196506572 42.458861415283664, 128.95983489166238 42.458861651897834, 128.95983782436568 42.45886146119387, 128.9598406504735 42.4588608505004, 128.95984326137994 42.45885984328609, 128.95984555674946 42.45885847825762, 128.9598474483721 42.45885680787231, 128.95984886355401 42.45885489632213, 128.95984974791054 42.45885281706692, 128.95985325263547 42.45884045547266, 128.9598534794653 42.458839410076344, 128.9598555983543 42.45882541972358, 128.95985802664194 42.45881368591888, 128.9598614466913 42.458801623002344, 128.9598617152424 42.45880026141763, 128.95986380545307 42.45878168163647, 128.9598643485039 42.45878106726557, 128.9598654415467 42.45877907471611, 128.95986599615796 42.45877696363251, 128.9598668325335 42.458770342670284, 128.95986742145027 42.458760910618786, 128.95986874933573 42.45875070113586, 128.9598688152516 42.458749833565975, 128.9598692319439 42.458731812130324, 128.95986899953883 42.458729663863885, 128.95986894593653 42.45872952267438, 128.95986816324657 42.458675690053894, 128.95986785884918 42.45867357903519, 128.95986701820067 42.458671549324166, 128.95986567194174 42.45866967490149, 128.95986386914194 42.45866802408781, 128.9598616755115 42.45866665705338, 128.95985917100572 42.45866562362507, 128.959856446911 42.458664961470205, 128.95985360251748 42.45866469472357, 128.9598507415002 42.4586648331078, 128.95984796813988 42.458665371578924, 128.9598453835224 42.45866629051031, 128.95984308185425 42.45866755640793, 128.95984114702864 42.45866912313127, 128.95983964956773 42.458670933575, 128.95983864405244 42.45867292175052, 128.9598364361001 42.4586790009464, 128.9598357437774 42.45867800182225, 128.95983388868765 42.458676277399334, 128.95983161062446 42.45867485786029, 128.95982899912948 42.45867379900166, 128.95982615685037 42.45867314244306, 128.95982319550632 42.458672913991236, 128.95982023149594 42.45867312262578, 128.95981738132312 42.45867376014608, 128.95981475701697 42.4586748014937, 128.9598124617288 42.458676205737305, 128.95981058567756 42.45867791768157, 128.95980920260342 42.45867987003661, 128.9598083668699 42.458681986062906, 128.95980099522853 42.45871111759441, 128.95974386249713 42.45879078565539, 128.9597427432873 42.4587928019157, 128.95974217680288 42.458794941113574, 128.95974218481376 42.45879712104086, 128.95974276701207 42.45879925792414, 128.95974390102435 42.45880126964422, 128.95974554327128 42.458803078891755, 128.95974763064206 42.458804616138394, 128.9597500829203 42.458805822308555, 128.95975280586626 42.45880665104979, 128.95975569483855 42.45880707051406, 128.95975863881566 42.45880706458152, 128.95976152466204 42.4588066334802, 128.9597642414762 42.4588057937771, 128.95976668485247 42.45880457774156, 128.95976876089324 42.45880303210516, 128.9597703898175 42.45880121626586, 128.9598197318706 42.45873241178912))
