Parts: 1
== Part 0 ==
type: Polygon
mu: 0.3865
totalWidthM: 2.5
startTime: 2025-09-29T06:51:31
endTime: 2025-09-29T06:54:21
wkt: POLYGON ((124.46562373661922 45.31060742696081, 124.46574611467621 45.31054722484542, 124.46574872062469 45.31054562003123, 124.4657507745092 45.310543656298925, 124.46575217958777 45.31054142614413, 124.46581780403606 45.31039666625965, 124.46619013570432 45.3103004049457, 124.4661421018606 45.310408684524894, 124.46596637358881 45.31051961911224, 124.4659642605802 45.310521242952156, 124.46596263714017 45.31052312646162, 124.46596156565664 45.31052519725839, 124.46596108730625 45.31052737576298, 124.46596122047174 45.31052957825664, 124.46596196003584 45.31053172009879, 124.46596327757737 45.31053371897963, 124.4659651224641 45.31053549808325, 124.4659674237982 45.31053698903969, 124.4659700931404 45.310538134552296, 124.46597302790957 45.31053889059965, 124.46597611532415 45.31053922812726, 124.46597923673629 45.310539134164095, 124.4659822721919 45.31053861232115, 124.46598510504 45.31053768265257, 124.46598762641592 45.310536380884976, 124.46616662642032 45.310423380868414, 124.46616857326224 45.31042191024109, 124.46617011745266 45.3104202183173, 124.4661712095397 45.31041835927993, 124.46623020950723 45.31028535927256, 124.4662308559032 45.31028313439747, 124.46623085556509 45.31028086325235, 124.4662302085067 45.310278638473136, 124.46622894112049 45.31027655080462, 124.46622710510096 45.310274685399094, 124.46622477533603 45.31027311834309, 124.46622204685269 45.31027191355403, 124.46621903094102 45.31027112017307, 124.46621585061439 45.31027077056082, 124.46621263559297 45.31027087897732, 124.46620951701135 45.31027144100044, 124.46579951707628 45.310377440980105, 124.46579689913288 45.31037831561596, 124.46579454878146 45.31037951015129, 124.46579254366002 45.31038098512769, 124.4657909500027 45.31038269182294, 124.465789820452 45.31038457386062, 124.46572346291788 45.31053095069708, 124.46560388533814 45.31058977514215, 124.46560096692974 45.31059162640718, 124.46556896692823 45.310617626403875, 124.46556715944585 45.31061942452329, 124.46556588384814 45.31062143690511, 124.46556518915556 45.31062358621468, 124.46556510206493 45.31062578985523, 124.46556562592303 45.310627963142096, 124.46556674059843 45.31063002255708, 124.46556840325476 45.31063188895798, 124.46557054999718 45.31063349062005, 124.4655730983275 45.3106347659923, 124.46557595031501 45.310635666062836, 124.46557899635904 45.31063615624247, 124.465582119402 45.31063621769383, 124.46558519942698 45.3106358480554, 124.4655881180703 45.31063506153219, 124.46559076316998 45.31063388834983, 124.46559303307642 45.31063237359311, 124.46562373661922 45.31060742696081))
trackStr: 124.465581,45.310625,20250929065131#124.465606,45.310604,20250929065141#124.465613,45.310599,20250929065151#124.465737,45.310538,20250929065201#124.465805,45.310388,20250929065211#124.466215,45.310282,20250929065401#124.466156,45.310415,20250929065411#124.465977,45.310528,20250929065421#
