type: Polygon
Parts: 1
mu: 0.1664
totalWidthM: 2.5
startTime: 2025-09-08T09:07:43
endTime: 2025-09-08T11:36:32
WKT: POLYGON ((124.50443275332242 45.34213121902063, 124.50442929619086 45.34214504752728, 124.50442905953749 45.34214729636051, 124.50442946388395 45.34214953327645, 124.50443049297061 45.342151668323964, 124.5044524929639 45.342185668326835, 124.50445399526264 45.342187507541, 124.5044559608644 45.34218911491947, 124.50445831974328 45.34219043319823, 124.50451731974923 45.34221743320259, 124.50452009614936 45.342218446174, 124.50452309943142 45.342219057704696, 124.50452621418074 45.34221924429388, 124.50452932069916 45.342218998771045, 124.50453229960509 45.34221833057146, 124.50453503642046 45.34221726537374, 124.50453742597122 45.34221584411281, 124.50453937642818 45.34221412140696, 124.50454081283634 45.34221216345885, 124.5045416799955 45.34221004551132, 124.5045419445811 45.34220784895594, 124.50454159642548 45.34220565820511, 124.50454064890809 45.34220355744815, 124.50454027812934 45.34220308367741, 124.50454081288538 45.34220145008382, 124.50454091148693 45.34219926035066, 124.50454091034061 45.342199255446964, 124.50454094601713 45.34219899999782, 124.504540946012 45.34218099999787, 124.5045406278413 45.34217876481639, 124.50453968602736 45.342176618831914, 124.5045381581543 45.34217464768197, 124.50453610519318 45.34217293002704, 124.50453360906938 45.34217153441172, 124.50453076939309 45.342170516529265, 124.5045276994839 45.34216991699919, 124.50452452184952 45.3421697597463, 124.5045214879113 45.34217003955316, 124.50451964659044 45.342168628293535, 124.5045171880986 45.342167350440945, 124.50451442924293 45.34216642656296, 124.50451147122644 45.342165890550184, 124.50450842255817 45.34216576206515, 124.50450539507214 45.34216604582108, 124.5045024998257 45.34216673140896, 124.50449984302494 45.3421677936794, 124.50449789203128 45.34216897053681, 124.50447893378472 45.34215759558306, 124.50446612636371 45.342127262241355, 124.5044685978217 45.34211737639479, 124.5044764461891 45.34209579336809, 124.50447686934216 45.34209410123805, 124.50447726795156 45.34209124453354, 124.50449325251067 45.34205428019298, 124.50449390065135 45.34205184726233, 124.50449579464122 45.34203416998014, 124.50449664486734 45.3420321749949, 124.50449694596982 45.34202999999783, 124.50449694596782 45.342022999997845, 124.50449665405922 45.34202085815675, 124.50449578902222 45.34201879473309, 124.50449438252758 45.34201688527324, 124.50449248607023 45.34201519968657, 124.50449016908347 45.342013799685986, 124.50448751639722 45.34201273652849, 124.50448462513191 45.34201204913851, 124.50448160114277 45.34201176268288, 124.50447855514466 45.34201188764934, 124.50447559865779 45.34201241946259, 124.50447283992563 45.342013338651824, 124.5044703799511 45.34201461156358, 124.50446830879908 45.34201619159387, 124.50446772598823 45.342016855232885, 124.50442357689573 45.342011158572724, 124.50437117668861 45.34199563258526, 124.50436814293899 45.3419949752822, 124.5043649846902 45.341994754694035, 124.50436182704786 45.34199497955879, 124.50435879509367 45.34199564096905, 124.5043560089303 45.34199671272479, 124.50435357892424 45.341998152371275, 124.50435160133371 45.341999902880744, 124.50435015449573 45.342001894911434, 124.50434929572307 45.34200404955432, 124.5043490590337 45.34200628145896, 124.50434945380358 45.34200850221435, 124.50435046439509 45.34201062385114, 124.50435205077625 45.34201256232626, 124.50435415010676 45.34201424085216, 124.50435667922744 45.34201559293844, 124.50445015174078 45.34205591442315, 124.50444583933859 45.34208681990976, 124.50443557394719 45.3421105586006, 124.50443444820647 45.342111248091776, 124.50443257883475 45.34211292751141, 124.50443119325365 45.34211482582506, 124.50443034140883 45.34211687460453, 124.50443005400683 45.34211899999778, 124.50443005400511 45.34212499999783, 124.50443038226287 45.34212726997716, 124.5044313535228 45.34212944649867, 124.50443275332242 45.34213121902063))
