Parts: 1
== Part 0 ==
type: Polygon
mu: 0.0
totalWidthM: 0.0
startTime: 2025-09-08T11:28:47
endTime: 2025-09-08T11:36:22
wkt: POLYGON ((124.50443275184075 45.342131224947366, 124.50442929619086 45.34214504752728, 124.50442905953749 45.34214729636051, 124.50442946388395 45.34214953327645, 124.50443049297061 45.342151668323964, 124.5044524929639 45.342185668326835, 124.50445393307497 45.34218744528993, 124.50445580604041 45.342189008746715, 124.50445804981642 45.34219030690622, 124.50450404982071 45.34221230690973, 124.50450679646947 45.34221335944467, 124.50450978151649 45.342214013871846, 124.50451289024822 45.34221424504199, 124.50451600319768 45.342214044071355, 124.50451900073587 45.34221341868312, 124.50452176766912 45.342212392910646, 124.5045241976656 45.3422110061738, 124.5045261973419 45.34220931176412, 124.50452768985163 45.34220737479685, 124.50452861783845 45.34220526970858, 124.50452894564053 45.34220307739668, 124.50452866066061 45.342200882110475, 124.50452777385043 45.34219876821356, 124.50452631928955 45.342196816941815, 124.50452435287615 45.342195103281504, 124.50452195017817 45.34219369308758, 124.50447965080767 45.342173462956545, 124.50447781049947 45.34217061884636, 124.50447902439889 45.34216935177973, 124.50448023544479 45.34216731947057, 124.50448086100108 45.34216515959601, 124.50448087702793 45.34216295515882, 124.50448028290963 45.34216079087428, 124.50446612636371 45.34212726224135, 124.5044685978217 45.34211737639479, 124.5044764461891 45.34209579336809, 124.50447667894409 45.342094862613294, 124.50447916302436 45.342089480432996, 124.50449334706464 45.34205405299013, 124.50449390065135 45.34205184726233, 124.50449579464122 45.34203416998014, 124.50449664486734 45.3420321749949, 124.50449694596982 45.34202999999783, 124.50449694596782 45.342022999997845, 124.50449665405922 45.34202085815675, 124.50449578902222 45.34201879473309, 124.50449438252758 45.34201688527324, 124.50449248607023 45.34201519968657, 124.50449016908347 45.342013799685986, 124.50448751639722 45.34201273652849, 124.50448462513191 45.34201204913851, 124.50448160114277 45.34201176268288, 124.50447855514466 45.34201188764934, 124.50447559865779 45.34201241946259, 124.50447283992563 45.342013338651824, 124.5044703799511 45.34201461156358, 124.50446830879908 45.34201619159387, 124.50446772598823 45.342016855232885, 124.50442186998109 45.34201093832519, 124.50441865793996 45.34201075727664, 124.50441545986666 45.34201103531787, 124.50441240635264 45.34201176109526, 124.50440962208614 45.342012904972115, 124.50440722076097 45.34201442023896, 124.5044053004339 45.34201624502077, 124.50440393952039 45.34201830480371, 124.5044031935924 45.342020515477785, 124.50440309310969 45.34202278677144, 124.50440364217552 45.34202502593775, 124.50440481836908 45.34202714154168, 124.50440657366129 45.342029047193776, 124.50440883637593 45.34203066507787, 124.50445029996175 45.342054852174776, 124.50444540922925 45.34208990235223, 124.50443591612462 45.34211034902449, 124.50443444820647 45.342111248091776, 124.50443257883475 45.34211292751141, 124.50443119325365 45.34211482582506, 124.50443034140883 45.34211687460453, 124.50443005400683 45.34211899999778, 124.50443005400511 45.34212499999783, 124.50443037798419 45.342127255287274, 124.50443133675793 45.342129418934, 124.50443275184075 45.342131224947366))
trackStr: 124.504465,45.342164,20250908112847#124.504446,45.342119,20250908112857#124.504446,45.342125,20250908112907#124.504451,45.342114,20250908112947#124.504464,45.342086,20250908112957#124.504478,45.342051,20250908113007#124.504481,45.342023,20250908113017#124.504481,45.34203,20250908113027#124.504419,45.342022,20250908113037#124.504467,45.34205,20250908113532#124.504461,45.342093,20250908113542#124.504453,45.342115,20250908113552#124.504445,45.342147,20250908113602#124.504467,45.342181,20250908113612#124.504513,45.342203,20250908113622#
