type: Polygon
Parts: 1
mu: 0.0752
totalWidthM: 2.5
startTime: 2025-11-01T16:23:01
endTime: 2025-11-01T20:00:28
WKT: POLYGON ((124.52837201283597 45.28804472941324, 124.52837135209106 45.288045578888024, 124.52837041237318 45.288047678653946, 124.52837007036332 45.28804986743195, 124.52837033917594 45.28805206129327, 124.5283843391619 45.288105061295354, 124.52838519455291 45.288107151433046, 124.52838660410542 45.28810908618441, 124.52838851506046 45.28811079313259, 124.52839085589183 45.28811220838722, 124.52839353898332 45.288113278975935, 124.52839646390804 45.28811396482707, 124.52839952118705 45.28811424026948, 124.52840259638802 45.2881140949935, 124.52840557440723 45.28811353443676, 124.52840834377878 45.28811257958062, 124.5284108008463 45.28811126616496, 124.52841285364278 45.28810964335038, 124.52841442533311 45.288107771878096, 124.52841545708948 45.28810572179654, 124.52841591029384 45.28810356983934, 124.52841584878463 45.28810263050706, 124.52841593027041 45.2881020881787, 124.5284156506321 45.2880999004292, 124.52841487379042 45.28809701502294, 124.52841414990515 45.28809346799572, 124.52841888197096 45.28805087929448, 124.52841888683456 45.28804916563216, 124.52841852276848 45.28804747134582, 124.5284015227551 45.287995471348296, 124.52840052563434 45.28799338225978, 124.52839897030174 45.28799147062839, 124.52839691652791 45.28798980991708, 124.52839444323834 45.28798846394595, 124.52839390192722 45.28798827443085, 124.52839186906816 45.287972011589865, 124.528391290977 45.28796984521346, 124.52839012526239 45.28796780007375, 124.528388416722 45.28796595476423, 124.52838623101411 45.287964380199135, 124.5283836521343 45.28796313688807, 124.52838077918753 45.28796227261075, 124.52837772257934 45.28796182058088, 124.52837459977347 45.2879617981697, 124.52837153077759 45.28796220623844, 124.52836863353126 45.28796302910528, 124.52836601937415 45.287964235147896, 124.5283637887667 45.2879657780188, 124.52836202742996 45.28796759842635, 124.52836080305117 45.28796962641329, 124.52836016268262 45.28797178404528, 124.52836013093315 45.287973988405724, 124.52836413092432 45.288005988406404, 124.52836423204431 45.28800660343923, 124.52837201283597 45.28804472941324))
