Parts: 1
== Part 0 ==
type: Polygon
mu: 0.0
totalWidthM: 0.0
startTime: 2025-09-13T07:42:52
endTime: 2025-09-13T07:58:54
wkt: POLYGON ((124.50444079537455 45.342015577338195, 124.50444612247597 45.342038217541706, 124.50444805402232 45.34206429351458, 124.50444805401567 45.3420876215559, 124.50443652611209 45.34212028392353, 124.50443607958586 45.34212236329585, 124.50443618989071 45.34212446493749, 124.50443685316856 45.34212651534161, 124.50445785315802 45.3421715153445, 124.50445900251165 45.342173386701994, 124.50446061221844 45.34217508090022, 124.50446262933788 45.34217654221995, 124.50451562934023 45.34220854222469, 124.50451819173968 45.34220980488243, 124.50452105420635 45.34221069074396, 124.50452410673722 45.342211165766074, 124.50452723202515 45.34221121169394, 124.50453030996711 45.342210826762575, 124.50453322227948 45.342210025764686, 124.50453585704342 45.342208839482176, 124.50453811300666 45.34220731350326, 124.5045399034737 45.342205506470464, 124.5045411596379 45.34220348782707, 124.50454183322572 45.34220133514842, 124.50454189835146 45.342199131160775, 124.50454135251256 45.342196960562134, 124.50454021668536 45.34219490676739, 124.50453853451916 45.342193048702676, 124.50453637065851 45.34219145777237, 124.50448675436078 45.34216150076733, 124.50446858529835 45.34212256708448, 124.50447947388238 45.34209171607084, 124.50447994598638 45.34208899999785, 124.50447994598508 45.34208441422723, 124.50448021502982 45.342084228599276, 124.50448198004416 45.34208240915787, 124.50448320781318 45.34208038184554, 124.50448385115446 45.342078224570784, 124.50449096538118 45.34203242669674, 124.50450518569748 45.34203716679789, 124.50450814565693 45.34203791186108, 124.50451125534292 45.34203823304021, 124.5045143939561 45.342038117858735, 124.50451743957319 45.342037570791, 124.50452027388367 45.34203661308851, 124.50452278678534 45.34203528195434, 124.50452488066179 45.342033629097955, 124.50452647417373 45.34203171872654, 124.50452750541959 45.3420296250507, 124.50452793433924 45.3420274294017, 124.50452774427114 45.342025217072106, 124.50452694259855 45.342023074002405, 124.50449894258672 45.341970074006205, 124.50449761289784 45.34196814364584, 124.50449578742325 45.34196642657562, 124.50449353264752 45.3419649853317, 124.50449093069007 45.34196387240459, 124.50448807631507 45.341963128327414, 124.50448507347956 45.34196278019967, 124.50448203154757 45.341962840700255, 124.5044790613073 45.341963307625754, 124.50447627093553 45.341964163970566, 124.50447376205855 45.341965378546405, 124.50447162605023 45.34196690711807, 124.50446994070475 45.34196869401456, 124.5044687674028 45.341970674156585, 124.50446814887653 45.34197277542681, 124.50446473471544 45.34199475407846, 124.50446350504043 45.34199397084316, 124.50446088808208 45.34199285795708, 124.5044580181423 45.34199211756218, 124.5044550006265 45.3419917768512, 124.50445194636033 45.341991848337635, 124.50444896751902 45.341992329395936, 124.50444617350784 45.34199320235808, 124.50444366694357 45.341994435162455, 124.50443866694377 45.34199743516201, 124.50443646491607 45.34199904924865, 124.50443476017742 45.342000939083974, 124.50443362035784 45.34200302969482, 124.50443309067599 45.342005238142995, 124.50443319214541 45.342007476815375, 124.50443392074068 45.34200965689988, 124.50443524755725 45.342011691908624, 124.50443711995801 45.34201350110916, 124.50443946366141 45.34201501272726, 124.50444079537455 45.342015577338195))
trackStr: 124.504468,45.342077,20250913074252#124.504484,45.341974,20250913074302#124.504512,45.342027,20250913074312#124.504449,45.342006,20250913075744#124.504454,45.342003,20250913075754#124.504462,45.342037,20250913075804#124.504464,45.342064,20250913075814#124.504464,45.342089,20250913075824#124.504452,45.342123,20250913075834#124.504473,45.342168,20250913075844#124.504526,45.3422,20250913075854#
