type: Polygon
Parts: 1
mu: 0.1478
totalWidthM: 2.5
startTime: 2025-09-28T14:15:04
endTime: 2025-09-28T14:22:04
WKT: POLYGON ((122.80760795858328 43.08766707478902, 122.80760803510671 43.08766750926614, 122.80760896991616 43.087669566937215, 122.8076104259729 43.08767145493697, 122.80761234918144 43.08767310312219, 122.80761466809058 43.087674450259314, 122.80761729654778 43.08767544629933, 122.80762013690035 43.08767605423725, 122.80762308362323 43.08767625148687, 122.80762569321804 43.08767605577106, 122.80761907860611 43.08770030932744, 122.80761326851606 43.08771483454396, 122.80761304385058 43.087715462844805, 122.80760725843236 43.087733783321944, 122.80760158587744 43.08774512842624, 122.80760131785239 43.08774571369784, 122.80759614882922 43.08775815074279, 122.80759133410835 43.08777163195207, 122.80758558586747 43.087783128428434, 122.80758483230525 43.08778526386955, 122.80758466162901 43.087787466029226, 122.80758508039779 43.08778965027968, 122.8075860725186 43.08779173268141, 122.80758759986482 43.08779363320887, 122.80758960374142 43.08779527882583, 122.80759200714051 43.08779660629213, 122.80759471770097 43.08779756459397, 122.80759763125727 43.08779811690432, 122.807600635843 43.08779824199819, 122.80760361599371 43.087797935068295, 122.80760645718372 43.087797207909794, 122.8076090502277 43.08779608846698, 122.80761129547629 43.08779461975945, 122.80761310664593 43.0877928582288, 122.80761441413438 43.08779087156973, 122.80762041413193 43.08777887156899, 122.80762085117533 43.08777784925593, 122.8076257726816 43.08776406902919, 122.80763055909458 43.08775258163141, 122.80763641412197 43.087740871571185, 122.80763695615514 43.08773953715402, 122.80764275995813 43.08772115843058, 122.80764343130187 43.087720601782, 122.80764493267863 43.08771872443054, 122.80764591291582 43.0877166703659, 122.80764807370186 43.08771013091404, 122.8076505423499 43.087700750044256, 122.80765391290942 43.08769067036613, 122.80765415186106 43.08768980876985, 122.80765815185676 43.087671808769336, 122.80765834333165 43.08766963265975, 122.80765831714328 43.08766948550987, 122.80766821476003 43.08761549843129, 122.80766832601019 43.08761335185953, 122.8076678786444 43.087611228911825, 122.80766688896864 43.08760920696723, 122.80766539305549 43.08760735972336, 122.8076634454294 43.08760575451019, 122.80766111707922 43.087604449835936, 122.80765849287066 43.087603493254505, 122.80765566845311 43.08760291963221, 122.80765274677353 43.08760274987693, 122.80764983432377 43.087602990176045, 122.80764703725926 43.087603631770946, 122.80764445752993 43.087604651276195, 122.80764218916407 43.087606011532, 122.80764031484098 43.08760766295857, 122.8076389028777 43.08760954536327, 122.8076354621901 43.08761539453468, 122.80763496023033 43.08761431950062, 122.80763342603737 43.08761239291671, 122.8076314034253 43.087610726031656, 122.80762897189497 43.087609384364214, 122.80762622702039 43.08760842065013, 122.80762327669217 43.08760787276923, 122.80762023687585 43.0876077622566, 122.80761722705513 43.08760809345607, 122.80761436553408 43.08760885334944, 122.80761176478808 43.087610012068275, 122.80760952704235 43.08761152406787, 122.80760774025393 43.08761332991738, 122.80760647465466 43.08761535863587, 122.80759323295491 43.08764373369338, 122.80751961809966 43.08771734853172, 122.80751808554463 43.087719246804504, 122.80751708771409 43.087721327739914, 122.80751666295427 43.087723511368836, 122.80751682758851 43.08772571377559, 122.80751757529002 43.08772785032296, 122.80751887732525 43.08772983890459, 122.80752068365763 43.08773160310042, 122.80752292487077 43.087733075113334, 122.80752551483627 43.08773419837471, 122.80752835402302 43.0877349297182, 122.80753133332274 43.08773524103867, 122.80753433824256 43.08773512037225, 122.80753725330487 43.08773457235609, 122.80753996648559 43.08773361805015, 122.80754237351856 43.087732294127896, 122.80754438190293 43.08773065146693, 122.80760795858328 43.08766707478902))
