Parts: 1
== Part 0 ==
type: Polygon
mu: 0.2988
totalWidthM: 2.5
startTime: 2025-09-16T11:18:57
endTime: 2025-09-16T11:26:31
wkt: POLYGON ((122.80749136792778 43.08811929513743, 122.80748975696989 43.088121308833706, 122.80747962728005 43.08813447413693, 122.80747841336367 43.08813649244405, 122.80747776000338 43.0881386455446, 122.80747769230761 43.08814085069616, 122.80747821287798 43.08814302315597, 122.80747930170918 43.08814507943763, 122.8074809169582 43.08814694051936, 122.8074829965518 43.088148534880816, 122.80748546057251 43.08814980125156, 122.80748821432931 43.08815069096565, 122.80749115199686 43.08815116983187, 122.80749416068224 43.088151219447624, 122.8074971247631 43.088150837906234, 122.80749993033166 43.088150039870115, 122.80750246957126 43.088148856007365, 122.80750464490046 43.08814733181316, 122.80750637272244 43.08814552586149, 122.80751630883162 43.08813260891588, 122.80752799855472 43.08811799675815, 122.80755012358296 43.08809394780927, 122.80758139904339 43.088068536493545, 122.807582045015 43.088067975921895, 122.80764179645362 43.08801255429787, 122.80765843502012 43.08800125261108, 122.80766040086144 43.08799963252102, 122.80766190625664 43.08799776616434, 122.80766289530993 43.087995722839175, 122.80766333129783 43.087993578414576, 122.80766319803199 43.087991412513375, 122.80765685910276 43.087958820193926, 122.80765733407767 43.087951537212504, 122.80765726187855 43.08794978540424, 122.80763726184549 43.08781478540682, 122.80763708648622 43.08781391815314, 122.80760908646032 43.087704918156746, 122.80757798424337 43.087602553602935, 122.80757706243983 43.08760048686303, 122.80757561547316 43.08759858866671, 122.80757369738039 43.08759692990228, 122.80757137979315 43.08759557251646, 122.80756874926173 43.087594567200945, 122.8075659040237 43.0875939514993, 122.80756295033468 43.08759374840497, 122.80755999850037 43.087593965502535, 122.80755715875736 43.08759459468448, 122.80755453715605 43.087595612453924, 122.80755223160028 43.087596980802196, 122.80755032819143 43.0875986486282, 122.80754889801243 43.08760055364686, 122.80754799447338 43.08760262471503, 122.8075476513173 43.087604784488505, 122.8075478813593 43.08760695231031, 122.80759783757381 43.08781477037597, 122.80762605213815 43.08795987411616, 122.8076239010923 43.087992856690256, 122.80761918145065 43.0879972343332, 122.8075315649847 43.088056747378396, 122.80752961799773 43.08805834856539, 122.80750461799549 43.08808334856272, 122.80750308725057 43.088085243992985, 122.80748908724664 43.088107243991296, 122.80748808862653 43.08810932472471, 122.80748766304207 43.088111508267495, 122.80748782684822 43.08811371070732, 122.80748857375026 43.08811584740566, 122.80748987504504 43.08811783625038, 122.80749136792778 43.08811929513743))
trackStr: 122.807503,43.088112,20250916111857#122.807517,43.08809,20250916111907#122.807542,43.088065,20250916111917#122.807648,43.087993,20250916111927#122.807613,43.087813,20250916111937#122.807563,43.087605,20250916111947#122.807594,43.087707,20250916112501#122.807622,43.087816,20250916112511#122.807633,43.087891,20250916112521#122.807642,43.087951,20250916112531#122.807639,43.087997,20250916112541#122.80757,43.088061,20250916112551#122.807538,43.088087,20250916112601#122.807515,43.088112,20250916112611#122.807503,43.088127,20250916112621#122.807493,43.08814,20250916112631#
