type: Polygon
Parts: 1
mu: 0.0
totalWidthM: 0.0
startTime: 2025-09-16T11:18:57
endTime: 2025-09-16T11:26:31
WKT: POLYGON ((128.95979368057075 42.45918684792798, 128.95979250762807 42.45918898524642, 128.95978522878093 42.45920291683349, 128.95978444109275 42.45920501729321, 128.9597842219475 42.45920719118071, 128.95978457976696 42.45920935495473, 128.95978550080042 42.45921142546262, 128.959786949653 42.459213323135906, 128.95978887064626 42.45921497504804, 128.95979118995734 42.459216317716944, 128.95979381845652 42.459217299544605, 128.95979665513198 42.4592178827999, 128.95979959097178 42.45921804506866, 128.9598025131533 42.45921778011497, 128.95980530937848 42.4592170981209, 128.95980787219017 42.45921602529509, 128.95981010310066 42.45921460286568, 128.95981191637756 42.45921288549582, 128.95981324233748 42.45921093918314, 128.95982038146124 42.45919727066926, 128.959828892776 42.45918176146336, 128.95984569461785 42.45915593545442, 128.959871093286 42.45912782360543, 128.95987161101928 42.459127208040776, 128.95991881531367 42.45906677804794, 128.95993275308552 42.4590539909852, 128.9599343451523 42.459052201653485, 128.95993544419045 42.459050219438346, 128.9599360093923 42.459048117939744, 128.95993601977207 42.45904597518669, 128.9599354749443 42.459043870739976, 128.95992308118406 42.45901265470041, 128.95992214279525 42.459005482185525, 128.95992173658442 42.45900377637438, 128.95987645738336 42.45887382516987, 128.9598761211249 42.45887299523423, 128.95982808891122 42.458769306506696, 128.95977832748733 42.45867243069112, 128.95977703833415 42.45867050538501, 128.9597752731363 42.45866879963787, 128.95977309781514 42.458667377150995, 128.95977059360845 42.45866629104726, 128.9597678540359 42.458665581887324, 128.95976498140715 42.45866527615481, 128.9597620830007 42.458665385267345, 128.95975926705773 42.45866590515012, 128.95975663874003 42.45866681638807, 128.95975429620225 42.458668084950936, 128.9597523269266 42.458669663464164, 128.95975080445606 42.45867149297799, 128.9597497856475 42.45867350516908, 128.95974930854828 42.45867562489196, 128.95974939097596 42.458677772985354, 128.9597500298523 42.458679869228476, 128.95983828854355 42.4588779181198, 128.9598934598387 42.45901689528904, 128.95989770952815 42.45904937759483, 128.959893980958 42.459054150837936, 128.9598205864886 42.459121485691476, 128.95981900904576 42.45912325457149, 128.95979960656697 42.459150310289445, 128.95979848857115 42.45915232358168, 128.95978915905482 42.459175299084094, 128.95978859177552 42.45917743816696, 128.9597885989799 42.45917961809575, 128.9597891803912 42.459181755097056, 128.95979031366622 42.459183767047065, 128.9597919552537 42.459185576627654, 128.95979368057075 42.45918684792798))
